3.153
3.18
3.154
3.167
3.167
3.042
3.154
3.141
3.168
-0.176
0.06
-0.299
-0.811
-1.143
-1
-0.788
-1.615
-1.074
-0.927
-1.325
-1.715
-1.541
-0.785
-0.964
-0.975
-0.683
-0.439
-0.301
-0.719
-0.87
-0.872
-0.774
-0.196
-0.387
-0.323
-0.751
-0.813
-1.222
-0.227
-0.541
-0.378
-0.724
-0.728
-0.445
0.345
-0.145
0.098
0.353
-0.84
0.46
0.312
-0.189
0.023
-0.129
0.076
0.355
-0.731
0.313
-0.174
0.049
-0.119
0.066
-0.668
-0.232
0.079
-0.111
0.089
0.398
-0.2
0.032
-1.398
-0.959
-0.103
0.044
0.261
0.449
0.451
-0.155
0.09
-0.354
-0.204
0.064
0.346
0.426
-0.128
0.035
0.384
-0.184
0.072
-2.23
0.339
3.098
3.075
3.124
-0.852
-1.442
-1.637
-1.391
-0.886
-0.725
-0.684
0.483
-0.078
0.095
-0.187
0.07
-0.184
0.311
-0.739
-0.463
-0.71
-0.553
0.441
0.434
-0.074
0.075
-0.177
0.14
-0.209
-0.652
-0.171
-0.017
0.078
-0.628
0.485
-0.191
0.112
0.239
-0.721
-0.714
-0.361
-0.408
-0.079
0.023
0.215
0.456
-0.227
0.089
-0.817
-0.803
-0.419
-0.872
-0.103
-0.039
0.263
-0.287
0.072
0.453
3.053
3.005