-0.579
-0.754
3.121
-0.902
-0.538
-0.831
0.372
-0.235
-0.148
0.276
-0.255
0.017
-0.039
-0.114
-0.094
-0.354
-0.92
-1.266
0.49
-0.373
0.056
0.401
-0.381
0.028
0.091
-0.235
0.002
-0.5
-0.335
-0.538
-1.11
2.983
-1.69
-1.213
0.355
-0.307
-0.342
0.269
-0.278
-0.009
-0.072
-0.094
-0.165
-0.468
-1.944
-1.604
0.347
-0.406
-0.345
0.334
-0.361
-0.014
-0.021
-0.138
-0.133
-0.552
-0.292
-0.526
-2.846
-1.447
-1.054
0.412
-0.313
-0.285
0.284
-0.285
0.005
-0.042
-0.111
-0.133
-0.275
-1.295
-1.407
0.274
-0.342
-0.283
0.308
-0.329
-0
-0.018
-0.135
-0.11
-0.46
-0.465
-0.486
2.622
-0.996
2.854
2.747
2.563
2.57
2.652
2.877
2.498
2.784