3.209
-1.413
-1.23
-0.688
-0.642
-1.435
-1.186
-0.621
-0.583
3.212
3.212
3.212
0.321
0.52
3.213
0.265
-1.412
-0.743
-0.748
-1.235
-0.613
-0.622
-0.703
-0.7
-1.448
-0.695
-0.562
-1.198
-0.711
-0.707
-0.612
-0.598
-0.2
-0.759
-0.748
-0.664
-0.658
3.213
0.521
0.322
0.443
0.114
0.224
0.479
0.114
-0.099
0.478
-0.698
-0.639
-0.665
-0.535
-0.226
-0.139
-0.478
-0.256
-0.197
-0.389
-0.124
-0.243
0.299
-0.151
0.133
0.086
-0.162
-0.179
0.104
0.554
0.125
-0.134
-0.549
-0.199
-0.212
-0.44
-0.072
-0.326
-0.207
-0.23
-0.446
-0.235
-0.464
-0.231
-0.213
0.635
0.51
0.56
0.569
-1.573
-1.62
2.83
2.819
-1.628
-1.648
-1.617
-1.495
-1.707
-1.664
-1.691
-1.68
2.817
2.825
2.847
2.847
2.817
2.802
2.813
2.808
-0.325
-0.273
0.238
-0.102
0.215
-0.098
-0.211
-0.317
0.218
-0.203
-0.363
-0.242
-0.749
-0.326
-0.134
0.069
-0.578
-0.567
-0.19
-0.412
-0.657
0.169
-0.439